-2000.0	-2000.0	691612.2266641844
-2000.0	-1900.0	677299.5600770762
-2000.0	-1800.0	663706.6091014072
-2000.0	-1700.0	650833.3737371777
-2000.0	-1600.0	638679.8539843876
-2000.0	-1500.0	627246.0498430367
-2000.0	-1400.0	616531.9613131252
-2000.0	-1300.0	606537.588394653
-2000.0	-1200.0	597262.9310876202
-2000.0	-1100.0	588707.9893920267
-2000.0	-1000.0	580872.7633078726
-2000.0	-900.0	573757.2528351578
-2000.0	-800.0	567361.4579738823
-2000.0	-700.0	561685.3787240463
-2000.0	-600.0	556729.0150856496
-2000.0	-500.0	552492.3670586922
-2000.0	-400.0	548975.434643174
-2000.0	-300.0	546178.2178390954
-2000.0	-200.0	544100.716646456
-2000.0	-100.0	542742.931065256
-2000.0	0.0	542104.8610954954
-2000.0	100.0	542186.5067371741
-2000.0	200.0	542987.8679902921
-2000.0	300.0	544508.9448548495
-2000.0	400.0	546749.7373308463
-2000.0	500.0	549710.2454182822
-2000.0	600.0	553390.4691171576
-2000.0	700.0	557790.4084274725
-2000.0	800.0	562910.0633492266
-2000.0	900.0	568749.43388242
-2000.0	1000.0	575308.5200270528
-2000.0	1100.0	582587.3217831249
-2000.0	1200.0	590585.8391506365
-2000.0	1300.0	599304.0721295874
-2000.0	1400.0	608742.0207199776
-2000.0	1500.0	618899.6849218071
-2000.0	1600.0	629777.0647350759
-2000.0	1700.0	641374.1601597841
-2000.0	1800.0	653690.9711959318
-2000.0	1900.0	666727.4978435187
-2000.0	2000.0	680483.7401025449
-1900.0	-2000.0	676378.5029664668
-1900.0	-1900.0	662065.8363793585
-1900.0	-1800.0	648472.8854036897
-1900.0	-1700.0	635599.65003946
-1900.0	-1600.0	623446.1302866698
-1900.0	-1500.0	612012.326145319
-1900.0	-1400.0	601298.2376154074
-1900.0	-1300.0	591303.8646969354
-1900.0	-1200.0	582029.2073899026
-1900.0	-1100.0	573474.265694309
-1900.0	-1000.0	565639.0396101549
-1900.0	-900.0	558523.5291374401
-1900.0	-800.0	552127.7342761647
-1900.0	-700.0	546451.6550263286
-1900.0	-600.0	541495.2913879319
-1900.0	-500.0	537258.6433609745
-1900.0	-400.0	533741.7109454565
-1900.0	-300.0	530944.4941413777
-1900.0	-200.0	528866.9929487384
-1900.0	-100.0	527509.2073675385
-1900.0	0.0	526871.1373977778
-1900.0	100.0	526952.7830394565
-1900.0	200.0	527754.1442925745
-1900.0	300.0	529275.2211571318
-1900.0	400.0	531516.0136331286
-1900.0	500.0	534476.5217205647
-1900.0	600.0	538156.7454194401
-1900.0	700.0	542556.6847297548
-1900.0	800.0	547676.339651509
-1900.0	900.0	553515.7101847024
-1900.0	1000.0	560074.7963293352
-1900.0	1100.0	567353.5980854074
-1900.0	1200.0	575352.1154529189
-1900.0	1300.0	584070.3484318698
-1900.0	1400.0	593508.2970222599
-1900.0	1500.0	603665.9612240894
-1900.0	1600.0	614543.3410373584
-1900.0	1700.0	626140.4364620666
-1900.0	1800.0	638457.2474982141
-1900.0	1900.0	651493.7741458011
-1900.0	2000.0	665250.0164048274
-1800.0	-2000.0	661911.7285781684
-1800.0	-1900.0	647599.0619910602
-1800.0	-1800.0	634006.1110153913
-1800.0	-1700.0	621132.8756511618
-1800.0	-1600.0	608979.3558983715
-1800.0	-1500.0	597545.5517570206
-1800.0	-1400.0	586831.4632271092
-1800.0	-1300.0	576837.090308637
-1800.0	-1200.0	567562.4330016042
-1800.0	-1100.0	559007.4913060108
-1800.0	-1000.0	551172.2652218567
-1800.0	-900.0	544056.7547491419
-1800.0	-800.0	537660.9598878664
-1800.0	-700.0	531984.8806380304
-1800.0	-600.0	527028.5169996335
-1800.0	-500.0	522791.86897267617
-1800.0	-400.0	519274.93655715813
-1800.0	-300.0	516477.71975307947
-1800.0	-200.0	514400.21856044006
-1800.0	-100.0	513042.4329792401
-1800.0	0.0	512404.3630094794
-1800.0	100.0	512486.0086511581
-1800.0	200.0	513287.3699042761
-1800.0	300.0	514808.44676883356
-1800.0	400.0	517049.2392448302
-1800.0	500.0	520009.7473322663
-1800.0	600.0	523689.9710311417
-1800.0	700.0	528089.9103414565
-1800.0	800.0	533209.5652632106
-1800.0	900.0	539048.935796404
-1800.0	1000.0	545608.0219410369
-1800.0	1100.0	552886.823697109
-1800.0	1200.0	560885.3410646205
-1800.0	1300.0	569603.5740435714
-1800.0	1400.0	579041.5226339616
-1800.0	1500.0	589199.1868357911
-1800.0	1600.0	600076.56664906
-1800.0	1700.0	611673.6620737682
-1800.0	1800.0	623990.4731099159
-1800.0	1900.0	637026.9997575027
-1800.0	2000.0	650783.242016529
-1700.0	-2000.0	648211.9034992894
-1700.0	-1900.0	633899.2369121811
-1700.0	-1800.0	620306.2859365123
-1700.0	-1700.0	607433.0505722828
-1700.0	-1600.0	595279.5308194925
-1700.0	-1500.0	583845.7266781416
-1700.0	-1400.0	573131.6381482303
-1700.0	-1300.0	563137.265229758
-1700.0	-1200.0	553862.6079227251
-1700.0	-1100.0	545307.6662271317
-1700.0	-1000.0	537472.4401429776
-1700.0	-900.0	530356.9296702628
-1700.0	-800.0	523961.1348089874
-1700.0	-700.0	518285.05555915134
-1700.0	-600.0	513328.69192075456
-1700.0	-500.0	509092.0438937972
-1700.0	-400.0	505575.1114782791
-1700.0	-300.0	502777.89467420045
-1700.0	-200.0	500700.3934815611
-1700.0	-100.0	499342.60790036106
-1700.0	0.0	498704.5379306004
-1700.0	100.0	498786.1835722791
-1700.0	200.0	499587.54482539714
-1700.0	300.0	501108.62168995454
-1700.0	400.0	503349.41416595125
-1700.0	500.0	506309.9222533873
-1700.0	600.0	509990.14595226274
-1700.0	700.0	514390.0852625775
-1700.0	800.0	519509.7401843316
-1700.0	900.0	525349.110717525
-1700.0	1000.0	531908.1968621579
-1700.0	1100.0	539186.99861823
-1700.0	1200.0	547185.5159857415
-1700.0	1300.0	555903.7489646923
-1700.0	1400.0	565341.6975550826
-1700.0	1500.0	575499.3617569122
-1700.0	1600.0	586376.741570181
-1700.0	1700.0	597973.8369948892
-1700.0	1800.0	610290.6480310368
-1700.0	1900.0	623327.1746786237
-1700.0	2000.0	637083.41693765
-1600.0	-2000.0	635279.0277298298
-1600.0	-1900.0	620966.3611427215
-1600.0	-1800.0	607373.4101670526
-1600.0	-1700.0	594500.174802823
-1600.0	-1600.0	582346.6550500328
-1600.0	-1500.0	570912.850908682
-1600.0	-1400.0	560198.7623787705
-1600.0	-1300.0	550204.3894602983
-1600.0	-1200.0	540929.7321532655
-1600.0	-1100.0	532374.790457672
-1600.0	-1000.0	524539.5643735179
-1600.0	-900.0	517424.0539008031
-1600.0	-800.0	511028.25903952774
-1600.0	-700.0	505352.1797896916
-1600.0	-600.0	500395.81615129486
-1600.0	-500.0	496159.16812433745
-1600.0	-400.0	492642.23570881947
-1600.0	-300.0	489845.0189047407
-1600.0	-200.0	487767.51771210134
-1600.0	-100.0	486409.7321309014
-1600.0	0.0	485771.6621611407
-1600.0	100.0	485853.3078028194
-1600.0	200.0	486654.66905593744
-1600.0	300.0	488175.7459204948
-1600.0	400.0	490416.53839649155
-1600.0	500.0	493377.04648392764
-1600.0	600.0	497057.27018280304
-1600.0	700.0	501457.2094931178
-1600.0	800.0	506576.8644148719
-1600.0	900.0	512416.23494806536
-1600.0	1000.0	518975.32109269814
-1600.0	1100.0	526254.1228487703
-1600.0	1200.0	534252.6402162819
-1600.0	1300.0	542970.8731952327
-1600.0	1400.0	552408.8217856229
-1600.0	1500.0	562566.4859874524
-1600.0	1600.0	573443.8658007213
-1600.0	1700.0	585040.9612254295
-1600.0	1800.0	597357.7722615772
-1600.0	1900.0	610394.298909164
-1600.0	2000.0	624150.5411681903
-1500.0	-2000.0	623113.1012697894
-1500.0	-1900.0	608800.4346826811
-1500.0	-1800.0	595207.4837070123
-1500.0	-1700.0	582334.2483427827
-1500.0	-1600.0	570180.7285899925
-1500.0	-1500.0	558746.9244486416
-1500.0	-1400.0	548032.8359187301
-1500.0	-1300.0	538038.463000258
-1500.0	-1200.0	528763.8056932251
-1500.0	-1100.0	520208.86399763165
-1500.0	-1000.0	512373.6379134775
-1500.0	-900.0	505258.1274407627
-1500.0	-800.0	498862.33257948735
-1500.0	-700.0	493186.2533296512
-1500.0	-600.0	488229.8896912545
-1500.0	-500.0	483993.24166429706
-1500.0	-400.0	480476.3092487791
-1500.0	-300.0	477679.09244470036
-1500.0	-200.0	475601.59125206096
-1500.0	-100.0	474243.805670861
-1500.0	0.0	473605.7357011003
-1500.0	100.0	473687.38134277903
-1500.0	200.0	474488.74259589706
-1500.0	300.0	476009.8194604544
-1500.0	400.0	478250.61193645117
-1500.0	500.0	481211.12002388726
-1500.0	600.0	484891.34372276266
-1500.0	700.0	489291.28303307743
-1500.0	800.0	494410.9379548315
-1500.0	900.0	500250.308488025
-1500.0	1000.0	506809.3946326578
-1500.0	1100.0	514088.19638872996
-1500.0	1200.0	522086.7137562415
-1500.0	1300.0	530804.9467351923
-1500.0	1400.0	540242.8953255825
-1500.0	1500.0	550400.559527412
-1500.0	1600.0	561277.9393406808
-1500.0	1700.0	572875.0347653892
-1500.0	1800.0	585191.8458015367
-1500.0	1900.0	598228.3724491236
-1500.0	2000.0	611984.6147081499
-1400.0	-2000.0	611714.1241191683
-1400.0	-1900.0	597401.4575320601
-1400.0	-1800.0	583808.5065563911
-1400.0	-1700.0	570935.2711921616
-1400.0	-1600.0	558781.7514393714
-1400.0	-1500.0	547347.9472980206
-1400.0	-1400.0	536633.858768109
-1400.0	-1300.0	526639.4858496368
-1400.0	-1200.0	517364.82854260405
-1400.0	-1100.0	508809.8868470106
-1400.0	-1000.0	500974.6607628565
-1400.0	-900.0	493859.1502901417
-1400.0	-800.0	487463.3554288662
-1400.0	-700.0	481787.2761790302
-1400.0	-600.0	476830.91254063346
-1400.0	-500.0	472594.26451367605
-1400.0	-400.0	469077.33209815796
-1400.0	-300.0	466280.1152940793
-1400.0	-200.0	464202.61410143995
-1400.0	-100.0	462844.8285202399
-1400.0	0.0	462206.75855047925
-1400.0	100.0	462288.40419215796
-1400.0	200.0	463089.765445276
-1400.0	300.0	464610.8423098334
-1400.0	400.0	466851.6347858301
-1400.0	500.0	469812.1428732662
-1400.0	600.0	473492.3665721416
-1400.0	700.0	477892.30588245636
-1400.0	800.0	483011.9608042105
-1400.0	900.0	488851.3313374039
-1400.0	1000.0	495410.41748203675
-1400.0	1100.0	502689.2192381089
-1400.0	1200.0	510687.73660562036
-1400.0	1300.0	519405.96958457126
-1400.0	1400.0	528843.9181749613
-1400.0	1500.0	539001.5823767909
-1400.0	1600.0	549878.9621900598
-1400.0	1700.0	561476.0576147682
-1400.0	1800.0	573792.8686509157
-1400.0	1900.0	586829.3952985026
-1400.0	2000.0	600585.6375575289
-1300.0	-2000.0	601082.0962779666
-1300.0	-1900.0	586769.4296908583
-1300.0	-1800.0	573176.4787151895
-1300.0	-1700.0	560303.2433509598
-1300.0	-1600.0	548149.7235981696
-1300.0	-1500.0	536715.9194568188
-1300.0	-1400.0	526001.8309269072
-1300.0	-1300.0	516007.45800843515
-1300.0	-1200.0	506732.8007014023
-1300.0	-1100.0	498177.85900580883
-1300.0	-1000.0	490342.63292165473
-1300.0	-900.0	483227.12244893995
-1300.0	-800.0	476831.3275876645
-1300.0	-700.0	471155.24833782844
-1300.0	-600.0	466198.8846994317
-1300.0	-500.0	461962.2366724743
-1300.0	-400.0	458445.30425695627
-1300.0	-300.0	455648.08745287755
-1300.0	-200.0	453570.5862602382
-1300.0	-100.0	452212.80067903816
-1300.0	0.0	451574.73070927756
-1300.0	100.0	451656.3763509562
-1300.0	200.0	452457.73760407424
-1300.0	300.0	453978.81446863164
-1300.0	400.0	456219.60694462835
-1300.0	500.0	459180.11503206444
-1300.0	600.0	462860.3387309399
-1300.0	700.0	467260.2780412546
-1300.0	800.0	472379.93296300876
-1300.0	900.0	478219.3034962022
-1300.0	1000.0	484778.389640835
-1300.0	1100.0	492057.19139690715
-1300.0	1200.0	500055.70876441867
-1300.0	1300.0	508773.9417433695
-1300.0	1400.0	518211.8903337597
-1300.0	1500.0	528369.5545355892
-1300.0	1600.0	539246.9343488582
-1300.0	1700.0	550844.0297735664
-1300.0	1800.0	563160.8408097139
-1300.0	1900.0	576197.3674573009
-1300.0	2000.0	589953.6097163272
-1200.0	-2000.0	591217.0177461841
-1200.0	-1900.0	576904.3511590759
-1200.0	-1800.0	563311.400183407
-1200.0	-1700.0	550438.1648191775
-1200.0	-1600.0	538284.6450663873
-1200.0	-1500.0	526850.8409250365
-1200.0	-1400.0	516136.7523951249
-1200.0	-1300.0	506142.3794766527
-1200.0	-1200.0	496867.72216961987
-1200.0	-1100.0	488312.7804740264
-1200.0	-1000.0	480477.5543898723
-1200.0	-900.0	473362.0439171575
-1200.0	-800.0	466966.2490558821
-1200.0	-700.0	461290.169806046
-1200.0	-600.0	456333.8061676492
-1200.0	-500.0	452097.15814069187
-1200.0	-400.0	448580.22572517383
-1200.0	-300.0	445783.0089210951
-1200.0	-200.0	443705.50772845576
-1200.0	-100.0	442347.7221472558
-1200.0	0.0	441709.65217749507
-1200.0	100.0	441791.2978191738
-1200.0	200.0	442592.6590722918
-1200.0	300.0	444113.7359368492
-1200.0	400.0	446354.5284128459
-1200.0	500.0	449315.036500282
-1200.0	600.0	452995.2601991574
-1200.0	700.0	457395.1995094722
-1200.0	800.0	462514.85443122627
-1200.0	900.0	468354.2249644198
-1200.0	1000.0	474913.31110905256
-1200.0	1100.0	482192.1128651247
-1200.0	1200.0	490190.63023263623
-1200.0	1300.0	498908.8632115871
-1200.0	1400.0	508346.8118019773
-1200.0	1500.0	518504.4760038068
-1200.0	1600.0	529381.8558170757
-1200.0	1700.0	540978.9512417839
-1200.0	1800.0	553295.7622779314
-1200.0	1900.0	566332.2889255184
-1200.0	2000.0	580088.5311845447
-1100.0	-2000.0	582118.888523821
-1100.0	-1900.0	567806.2219367127
-1100.0	-1800.0	554213.2709610439
-1100.0	-1700.0	541340.0355968144
-1100.0	-1600.0	529186.5158440241
-1100.0	-1500.0	517752.7117026733
-1100.0	-1400.0	507038.62317276176
-1100.0	-1300.0	497044.2502542896
-1100.0	-1200.0	487769.59294725675
-1100.0	-1100.0	479214.6512516633
-1100.0	-1000.0	471379.4251675092
-1100.0	-900.0	464263.9146947944
-1100.0	-800.0	457868.119833519
-1100.0	-700.0	452192.0405836829
-1100.0	-600.0	447235.6769452861
-1100.0	-500.0	442999.02891832875
-1100.0	-400.0	439482.0965028107
-1100.0	-300.0	436684.879698732
-1100.0	-200.0	434607.37850609265
-1100.0	-100.0	433249.5929248926
-1100.0	0.0	432611.52295513195
-1100.0	100.0	432693.16859681066
-1100.0	200.0	433494.5298499287
-1100.0	300.0	435015.6067144861
-1100.0	400.0	437256.3991904828
-1100.0	500.0	440216.9072779189
-1100.0	600.0	443897.1309767943
-1100.0	700.0	448297.07028710906
-1100.0	800.0	453416.72520886315
-1100.0	900.0	459256.0957420566
-1100.0	1000.0	465815.18188668945
-1100.0	1100.0	473093.9836427616
-1100.0	1200.0	481092.5010102731
-1100.0	1300.0	489810.73398922395
-1100.0	1400.0	499248.6825796141
-1100.0	1500.0	509406.3467814437
-1100.0	1600.0	520283.7265947126
-1100.0	1700.0	531880.8220194208
-1100.0	1800.0	544197.6330555684
-1100.0	1900.0	557234.1597031553
-1100.0	2000.0	570990.4019621816
-1000.0	-2000.0	573787.7086108772
-1000.0	-1900.0	559475.042023769
-1000.0	-1800.0	545882.0910481
-1000.0	-1700.0	533008.8556838705
-1000.0	-1600.0	520855.33593108034
-1000.0	-1500.0	509421.5317897295
-1000.0	-1400.0	498707.44325981796
-1000.0	-1300.0	488713.0703413458
-1000.0	-1200.0	479438.413034313
-1000.0	-1100.0	470883.4713387195
-1000.0	-1000.0	463048.2452545654
-1000.0	-900.0	455932.7347818506
-1000.0	-800.0	449536.9399205751
-1000.0	-700.0	443860.8606707391
-1000.0	-600.0	438904.49703234236
-1000.0	-500.0	434667.84900538495
-1000.0	-400.0	431150.9165898669
-1000.0	-300.0	428353.6997857882
-1000.0	-200.0	426276.19859314885
-1000.0	-100.0	424918.4130119488
-1000.0	0.0	424280.3430421882
-1000.0	100.0	424361.98868386686
-1000.0	200.0	425163.3499369849
-1000.0	300.0	426684.4268015423
-1000.0	400.0	428925.219277539
-1000.0	500.0	431885.7273649751
-1000.0	600.0	435565.95106385055
-1000.0	700.0	439965.89037416526
-1000.0	800.0	445085.5452959194
-1000.0	900.0	450924.91582911287
-1000.0	1000.0	457484.00197374565
-1000.0	1100.0	464762.8037298178
-1000.0	1200.0	472761.3210973293
-1000.0	1300.0	481479.55407628015
-1000.0	1400.0	490917.50266667036
-1000.0	1500.0	501075.1668684999
-1000.0	1600.0	511952.5466817688
-1000.0	1700.0	523549.642106477
-1000.0	1800.0	535866.4531426246
-1000.0	1900.0	548902.9797902115
-1000.0	2000.0	562659.2220492377
-900.0	-2000.0	566223.4780073527
-900.0	-1900.0	551910.8114202445
-900.0	-1800.0	538317.8604445755
-900.0	-1700.0	525444.625080346
-900.0	-1600.0	513291.10532755585
-900.0	-1500.0	501857.301186205
-900.0	-1400.0	491143.2126562935
-900.0	-1300.0	481148.8397378213
-900.0	-1200.0	471874.18243078847
-900.0	-1100.0	463319.240735195
-900.0	-1000.0	455484.0146510409
-900.0	-900.0	448368.5041783261
-900.0	-800.0	441972.70931705064
-900.0	-700.0	436296.6300672146
-900.0	-600.0	431340.2664288179
-900.0	-500.0	427103.61840186047
-900.0	-400.0	423586.68598634243
-900.0	-300.0	420789.4691822637
-900.0	-200.0	418711.96798962436
-900.0	-100.0	417354.1824084243
-900.0	0.0	416716.1124386637
-900.0	100.0	416797.7580803424
-900.0	200.0	417599.1193334604
-900.0	300.0	419120.1961980178
-900.0	400.0	421360.9886740145
-900.0	500.0	424321.4967614506
-900.0	600.0	428001.72046032606
-900.0	700.0	432401.6597706408
-900.0	800.0	437521.3146923949
-900.0	900.0	443360.6852255884
-900.0	1000.0	449919.77137022116
-900.0	1100.0	457198.5731262933
-900.0	1200.0	465197.09049380483
-900.0	1300.0	473915.32347275567
-900.0	1400.0	483353.2720631459
-900.0	1500.0	493510.9362649754
-900.0	1600.0	504388.3160782443
-900.0	1700.0	515985.4115029525
-900.0	1800.0	528302.2225391001
-900.0	1900.0	541338.749186687
-900.0	2000.0	555094.9914457132
-800.0	-2000.0	559426.1967132476
-800.0	-1900.0	545113.5301261393
-800.0	-1800.0	531520.5791504704
-800.0	-1700.0	518647.3437862409
-800.0	-1600.0	506493.8240334507
-800.0	-1500.0	495060.01989209984
-800.0	-1400.0	484345.9313621883
-800.0	-1300.0	474351.55844371615
-800.0	-1200.0	465076.9011366833
-800.0	-1100.0	456521.9594410898
-800.0	-1000.0	448686.7333569357
-800.0	-900.0	441571.22288422094
-800.0	-800.0	435175.42802294553
-800.0	-700.0	429499.34877310944
-800.0	-600.0	424542.98513471265
-800.0	-500.0	420306.3371077553
-800.0	-400.0	416789.40469223727
-800.0	-300.0	413992.18788815854
-800.0	-200.0	411914.6866955192
-800.0	-100.0	410556.9011143192
-800.0	0.0	409918.8311445585
-800.0	100.0	410000.4767862372
-800.0	200.0	410801.83803935524
-800.0	300.0	412322.91490391264
-800.0	400.0	414563.70737990935
-800.0	500.0	417524.21546734544
-800.0	600.0	421204.43916622084
-800.0	700.0	425604.3784765356
-800.0	800.0	430724.0333982897
-800.0	900.0	436563.40393148316
-800.0	1000.0	443122.490076116
-800.0	1100.0	450401.29183218814
-800.0	1200.0	458399.80919969967
-800.0	1300.0	467118.0421786505
-800.0	1400.0	476555.99076904065
-800.0	1500.0	486713.65497087024
-800.0	1600.0	497591.03478413913
-800.0	1700.0	509188.13020884735
-800.0	1800.0	521504.94124499493
-800.0	1900.0	534541.4678925818
-800.0	2000.0	548297.7101516081
-700.0	-2000.0	553395.8647285617
-700.0	-1900.0	539083.1981414534
-700.0	-1800.0	525490.2471657846
-700.0	-1700.0	512617.01180155505
-700.0	-1600.0	500463.49204876483
-700.0	-1500.0	489029.6879074139
-700.0	-1400.0	478315.59937750245
-700.0	-1300.0	468321.2264590303
-700.0	-1200.0	459046.56915199745
-700.0	-1100.0	450491.627456404
-700.0	-1000.0	442656.4013722499
-700.0	-900.0	435540.8908995351
-700.0	-800.0	429145.0960382597
-700.0	-700.0	423469.0167884236
-700.0	-600.0	418512.6531500268
-700.0	-500.0	414276.00512306945
-700.0	-400.0	410759.0727075514
-700.0	-300.0	407961.8559034727
-700.0	-200.0	405884.35471083334
-700.0	-100.0	404526.5691296333
-700.0	0.0	403888.49915987265
-700.0	100.0	403970.14480155136
-700.0	200.0	404771.5060546694
-700.0	300.0	406292.5829192268
-700.0	400.0	408533.3753952235
-700.0	500.0	411493.8834826596
-700.0	600.0	415174.107181535
-700.0	700.0	419574.04649184976
-700.0	800.0	424693.70141360385
-700.0	900.0	430533.0719467973
-700.0	1000.0	437092.15809143014
-700.0	1100.0	444370.9598475023
-700.0	1200.0	452369.4772150138
-700.0	1300.0	461087.71019396465
-700.0	1400.0	470525.6587843548
-700.0	1500.0	480683.3229861844
-700.0	1600.0	491560.7027994533
-700.0	1700.0	503157.7982241615
-700.0	1800.0	515474.6092603091
-700.0	1900.0	528511.135907896
-700.0	2000.0	542267.3781669223
-600.0	-2000.0	548132.4820532952
-600.0	-1900.0	533819.815466187
-600.0	-1800.0	520226.864490518
-600.0	-1700.0	507353.62912628846
-600.0	-1600.0	495200.1093734983
-600.0	-1500.0	483766.30523214745
-600.0	-1400.0	473052.2167022359
-600.0	-1300.0	463057.84378376376
-600.0	-1200.0	453783.1864767309
-600.0	-1100.0	445228.24478113744
-600.0	-1000.0	437393.01869698334
-600.0	-900.0	430277.50822426856
-600.0	-800.0	423881.7133629931
-600.0	-700.0	418205.63411315705
-600.0	-600.0	413249.27047476027
-600.0	-500.0	409012.6224478029
-600.0	-400.0	405495.6900322848
-600.0	-300.0	402698.47322820616
-600.0	-200.0	400620.9720355668
-600.0	-100.0	399263.1864543668
-600.0	0.0	398625.1164846061
-600.0	100.0	398706.7621262848
-600.0	200.0	399508.12337940285
-600.0	300.0	401029.20024396025
-600.0	400.0	403269.99271995696
-600.0	500.0	406230.50080739305
-600.0	600.0	409910.72450626845
-600.0	700.0	414310.6638165832
-600.0	800.0	419430.3187383374
-600.0	900.0	425269.6892715308
-600.0	1000.0	431828.7754161636
-600.0	1100.0	439107.57717223576
-600.0	1200.0	447106.0945397472
-600.0	1300.0	455824.3275186981
-600.0	1400.0	465262.2761090883
-600.0	1500.0	475419.94031091785
-600.0	1600.0	486297.3201241867
-600.0	1700.0	497894.41554889496
-600.0	1800.0	510211.22658504255
-600.0	1900.0	523247.75323262945
-600.0	2000.0	537003.9954916558
-500.0	-2000.0	543636.0486874479
-500.0	-1900.0	529323.3821003397
-500.0	-1800.0	515730.4311246708
-500.0	-1700.0	502857.19576044125
-500.0	-1600.0	490703.676007651
-500.0	-1500.0	479269.87186630024
-500.0	-1400.0	468555.7833363887
-500.0	-1300.0	458561.4104179165
-500.0	-1200.0	449286.7531108837
-500.0	-1100.0	440731.8114152902
-500.0	-1000.0	432896.5853311361
-500.0	-900.0	425781.07485842134
-500.0	-800.0	419385.2799971459
-500.0	-700.0	413709.20074730983
-500.0	-600.0	408752.83710891305
-500.0	-500.0	404516.1890819557
-500.0	-400.0	400999.2566664376
-500.0	-300.0	398202.03986235894
-500.0	-200.0	396124.5386697196
-500.0	-100.0	394766.75308851956
-500.0	0.0	394128.6831187589
-500.0	100.0	394210.3287604376
-500.0	200.0	395011.69001355564
-500.0	300.0	396532.76687811303
-500.0	400.0	398773.55935410975
-500.0	500.0	401734.06744154583
-500.0	600.0	405414.29114042124
-500.0	700.0	409814.230450736
-500.0	800.0	414933.8853724901
-500.0	900.0	420773.25590568356
-500.0	1000.0	427332.3420503164
-500.0	1100.0	434611.14380638854
-500.0	1200.0	442609.6611739
-500.0	1300.0	451327.8941528509
-500.0	1400.0	460765.8427432411
-500.0	1500.0	470923.50694507064
-500.0	1600.0	481800.8867583395
-500.0	1700.0	493397.98218304774
-500.0	1800.0	505714.79321919533
-500.0	1900.0	518751.3198667822
-500.0	2000.0	532507.5621258086
-400.0	-2000.0	539906.5646310201
-400.0	-1900.0	525593.8980439118
-400.0	-1800.0	512000.94706824294
-400.0	-1700.0	499127.71170401335
-400.0	-1600.0	486974.1919512232
-400.0	-1500.0	475540.3878098723
-400.0	-1400.0	464826.2992799608
-400.0	-1300.0	454831.92636148864
-400.0	-1200.0	445557.2690544558
-400.0	-1100.0	437002.3273588623
-400.0	-1000.0	429167.10127470817
-400.0	-900.0	422051.59080199344
-400.0	-800.0	415655.795940718
-400.0	-700.0	409979.7166908819
-400.0	-600.0	405023.35305248515
-400.0	-500.0	400786.7050255278
-400.0	-400.0	397269.7726100097
-400.0	-300.0	394472.55580593104
-400.0	-200.0	392395.0546132917
-400.0	-100.0	391037.26903209166
-400.0	0.0	390399.199062331
-400.0	100.0	390480.8447040097
-400.0	200.0	391282.20595712774
-400.0	300.0	392803.28282168513
-400.0	400.0	395044.07529768185
-400.0	500.0	398004.58338511793
-400.0	600.0	401684.80708399334
-400.0	700.0	406084.7463943081
-400.0	800.0	411204.4013160622
-400.0	900.0	417043.77184925566
-400.0	1000.0	423602.8579938885
-400.0	1100.0	430881.65974996064
-400.0	1200.0	438880.17711747217
-400.0	1300.0	447598.410096423
-400.0	1400.0	457036.35868681315
-400.0	1500.0	467194.02288864274
-400.0	1600.0	478071.40270191163
-400.0	1700.0	489668.49812661984
-400.0	1800.0	501985.3091627674
-400.0	1900.0	515021.8358103543
-400.0	2000.0	528778.0780693806
-300.0	-2000.0	536944.0298840115
-300.0	-1900.0	522631.3632969032
-300.0	-1800.0	509038.4123212343
-300.0	-1700.0	496165.17695700476
-300.0	-1600.0	484011.6572042146
-300.0	-1500.0	472577.8530628637
-300.0	-1400.0	461863.7645329522
-300.0	-1300.0	451869.39161448006
-300.0	-1200.0	442594.7343074472
-300.0	-1100.0	434039.79261185374
-300.0	-1000.0	426204.5665276996
-300.0	-900.0	419089.0560549848
-300.0	-800.0	412693.2611937094
-300.0	-700.0	407017.1819438733
-300.0	-600.0	402060.81830547657
-300.0	-500.0	397824.17027851916
-300.0	-400.0	394307.2378630011
-300.0	-300.0	391510.02105892246
-300.0	-200.0	389432.5198662831
-300.0	-100.0	388074.7342850831
-300.0	0.0	387436.6643153224
-300.0	100.0	387518.3099570011
-300.0	200.0	388319.67121011915
-300.0	300.0	389840.7480746765
-300.0	400.0	392081.54055067326
-300.0	500.0	395042.04863810935
-300.0	600.0	398722.27233698475
-300.0	700.0	403122.2116472995
-300.0	800.0	408241.8665690536
-300.0	900.0	414081.2371022471
-300.0	1000.0	420640.32324687985
-300.0	1100.0	427919.12500295206
-300.0	1200.0	435917.6423704635
-300.0	1300.0	444635.8753494144
-300.0	1400.0	454073.82393980457
-300.0	1500.0	464231.48814163415
-300.0	1600.0	475108.867954903
-300.0	1700.0	486705.96337961126
-300.0	1800.0	499022.7744157588
-300.0	1900.0	512059.30106334575
-300.0	2000.0	525815.543322372
-200.0	-2000.0	534748.4444464222
-200.0	-1900.0	520435.77785931394
-200.0	-1800.0	506842.82688364503
-200.0	-1700.0	493969.5915194155
-200.0	-1600.0	481816.0717666253
-200.0	-1500.0	470382.2676252744
-200.0	-1400.0	459668.1790953629
-200.0	-1300.0	449673.80617689074
-200.0	-1200.0	440399.14886985795
-200.0	-1100.0	431844.2071742645
-200.0	-1000.0	424008.9810901103
-200.0	-900.0	416893.4706173956
-200.0	-800.0	410497.6757561201
-200.0	-700.0	404821.596506284
-200.0	-600.0	399865.2328678873
-200.0	-500.0	395628.5848409299
-200.0	-400.0	392111.65242541186
-200.0	-300.0	389314.4356213332
-200.0	-200.0	387236.93442869384
-200.0	-100.0	385879.1488474938
-200.0	0.0	385241.07887773315
-200.0	100.0	385322.72451941186
-200.0	200.0	386124.0857725299
-200.0	300.0	387645.1626370872
-200.0	400.0	389885.955113084
-200.0	500.0	392846.46320052
-200.0	600.0	396526.6868993955
-200.0	700.0	400926.62620971026
-200.0	800.0	406046.28113146435
-200.0	900.0	411885.6516646578
-200.0	1000.0	418444.73780929064
-200.0	1100.0	425723.53956536273
-200.0	1200.0	433722.05693287426
-200.0	1300.0	442440.2899118251
-200.0	1400.0	451878.2385022153
-200.0	1500.0	462035.9027040448
-200.0	1600.0	472913.2825173137
-200.0	1700.0	484510.37794202194
-200.0	1800.0	496827.1889781695
-200.0	1900.0	509863.7156257565
-200.0	2000.0	523619.9578847827
-100.0	-2000.0	533319.8083182522
-100.0	-1900.0	519007.141731144
-100.0	-1800.0	505414.1907554751
-100.0	-1700.0	492540.95539124554
-100.0	-1600.0	480387.4356384553
-100.0	-1500.0	468953.6314971045
-100.0	-1400.0	458239.54296719295
-100.0	-1300.0	448245.1700487208
-100.0	-1200.0	438970.51274168794
-100.0	-1100.0	430415.5710460945
-100.0	-1000.0	422580.34496194037
-100.0	-900.0	415464.8344892256
-100.0	-800.0	409069.0396279502
-100.0	-700.0	403392.9603781141
-100.0	-600.0	398436.59673971735
-100.0	-500.0	394199.94871275994
-100.0	-400.0	390683.0162972419
-100.0	-300.0	387885.7994931632
-100.0	-200.0	385808.29830052383
-100.0	-100.0	384450.51271932386
-100.0	0.0	383812.4427495632
-100.0	100.0	383894.08839124185
-100.0	200.0	384695.4496443599
-100.0	300.0	386216.5265089173
-100.0	400.0	388457.318984914
-100.0	500.0	391417.8270723501
-100.0	600.0	395098.0507712255
-100.0	700.0	399497.9900815403
-100.0	800.0	404617.6450032944
-100.0	900.0	410457.01553648786
-100.0	1000.0	417016.10168112064
-100.0	1100.0	424294.9034371928
-100.0	1200.0	432293.4208047043
-100.0	1300.0	441011.65378365514
-100.0	1400.0	450449.60237404535
-100.0	1500.0	460607.2665758749
-100.0	1600.0	471484.6463891438
-100.0	1700.0	483081.741813852
-100.0	1800.0	495398.55284999957
-100.0	1900.0	508435.07949758647
-100.0	2000.0	522191.32175661274
0.0	-2000.0	532658.1214995016
0.0	-1900.0	518345.45491239335
0.0	-1800.0	504752.50393672445
0.0	-1700.0	491879.26857249485
0.0	-1600.0	479725.7488197047
0.0	-1500.0	468291.94467835384
0.0	-1400.0	457577.8561484423
0.0	-1300.0	447583.48322997015
0.0	-1200.0	438308.82592293737
0.0	-1100.0	429753.88422734383
0.0	-1000.0	421918.65814318974
0.0	-900.0	414803.14767047495
0.0	-800.0	408407.35280919954
0.0	-700.0	402731.27355936344
0.0	-600.0	397774.9099209667
0.0	-500.0	393538.2618940093
0.0	-400.0	390021.3294784913
0.0	-300.0	387224.11267441255
0.0	-200.0	385146.6114817732
0.0	-100.0	383788.8259005732
0.0	0.0	383150.75593081256
0.0	100.0	383232.4015724912
0.0	200.0	384033.76282560924
0.0	300.0	385554.83969016664
0.0	400.0	387795.63216616336
0.0	500.0	390756.14025359944
0.0	600.0	394436.36395247484
0.0	700.0	398836.3032627896
0.0	800.0	403955.95818454376
0.0	900.0	409795.3287177372
0.0	1000.0	416354.41486237
0.0	1100.0	423633.21661844215
0.0	1200.0	431631.7339859537
0.0	1300.0	440349.9669649045
0.0	1400.0	449787.9155552947
0.0	1500.0	459945.57975712424
0.0	1600.0	470822.95957039314
0.0	1700.0	482420.05499510135
0.0	1800.0	494736.86603124894
0.0	1900.0	507773.3926788359
0.0	2000.0	521529.63493786217
100.0	-2000.0	532763.3839901702
100.0	-1900.0	518450.71740306204
100.0	-1800.0	504857.7664273931
100.0	-1700.0	491984.53106316354
100.0	-1600.0	479831.0113103734
100.0	-1500.0	468397.2071690225
100.0	-1400.0	457683.118639111
100.0	-1300.0	447688.74572063884
100.0	-1200.0	438414.088413606
100.0	-1100.0	429859.1467180125
100.0	-1000.0	422023.9206338584
100.0	-900.0	414908.41016114363
100.0	-800.0	408512.61529986816
100.0	-700.0	402836.5360500321
100.0	-600.0	397880.1724116354
100.0	-500.0	393643.524384678
100.0	-400.0	390126.59196915996
100.0	-300.0	387329.37516508123
100.0	-200.0	385251.8739724419
100.0	-100.0	383894.08839124185
100.0	0.0	383256.0184214812
100.0	100.0	383337.6640631599
100.0	200.0	384139.0253162779
100.0	300.0	385660.1021808353
100.0	400.0	387900.89465683204
100.0	500.0	390861.4027442681
100.0	600.0	394541.6264431435
100.0	700.0	398941.5657534583
100.0	800.0	404061.22067521245
100.0	900.0	409900.5912084059
100.0	1000.0	416459.6773530387
100.0	1100.0	423738.47910911083
100.0	1200.0	431736.9964766223
100.0	1300.0	440455.2294555732
100.0	1400.0	449893.1780459634
100.0	1500.0	460050.8422477929
100.0	1600.0	470928.22206106177
100.0	1700.0	482525.31748577004
100.0	1800.0	494842.1285219176
100.0	1900.0	507878.6551695046
100.0	2000.0	521634.8974285308
200.0	-2000.0	533635.5957902583
200.0	-1900.0	519322.92920315
200.0	-1800.0	505729.97822748113
200.0	-1700.0	492856.74286325154
200.0	-1600.0	480703.2231104614
200.0	-1500.0	469269.41896911047
200.0	-1400.0	458555.330439199
200.0	-1300.0	448560.95752072684
200.0	-1200.0	439286.300213694
200.0	-1100.0	430731.3585181005
200.0	-1000.0	422896.13243394636
200.0	-900.0	415780.62196123163
200.0	-800.0	409384.82709995616
200.0	-700.0	403708.74785012007
200.0	-600.0	398752.38421172334
200.0	-500.0	394515.736184766
200.0	-400.0	390998.8037692479
200.0	-300.0	388201.58696516923
200.0	-200.0	386124.0857725299
200.0	-100.0	384766.30019132985
200.0	0.0	384128.2302215692
200.0	100.0	384209.8758632479
200.0	200.0	385011.2371163659
200.0	300.0	386532.3139809233
200.0	400.0	388773.10645692004
200.0	500.0	391733.6145443561
200.0	600.0	395413.8382432315
200.0	700.0	399813.7775535463
200.0	800.0	404933.4324753004
200.0	900.0	410772.80300849385
200.0	1000.0	417331.8891531266
200.0	1100.0	424610.69090919883
200.0	1200.0	432609.20827671036
200.0	1300.0	441327.4412556612
200.0	1400.0	450765.38984605134
200.0	1500.0	460923.0540478809
200.0	1600.0	471800.4338611498
200.0	1700.0	483397.52928585804
200.0	1800.0	495714.34032200556
200.0	1900.0	508750.8669695925
200.0	2000.0	522507.1092286188
300.0	-2000.0	535274.7568997655
300.0	-1900.0	520962.0903126573
300.0	-1800.0	507369.1393369884
300.0	-1700.0	494495.90397275885
300.0	-1600.0	482342.38421996863
300.0	-1500.0	470908.5800786178
300.0	-1400.0	460194.4915487063
300.0	-1300.0	450200.1186302341
300.0	-1200.0	440925.4613232013
300.0	-1100.0	432370.5196276078
300.0	-1000.0	424535.2935434537
300.0	-900.0	417419.7830707389
300.0	-800.0	411023.9882094635
300.0	-700.0	405347.9089596274
300.0	-600.0	400391.54532123066
300.0	-500.0	396154.89729427325
300.0	-400.0	392637.9648787552
300.0	-300.0	389840.7480746765
300.0	-200.0	387763.24688203714
300.0	-100.0	386405.46130083717
300.0	0.0	385767.3913310765
300.0	100.0	385849.0369727552
300.0	200.0	386650.39822587324
300.0	300.0	388171.4750904306
300.0	400.0	390412.26756642736
300.0	500.0	393372.7756538634
300.0	600.0	397052.99935273884
300.0	700.0	401452.93866305356
300.0	800.0	406572.5935848077
300.0	900.0	412411.96411800117
300.0	1000.0	418971.05026263394
300.0	1100.0	426249.85201870615
300.0	1200.0	434248.3693862176
300.0	1300.0	442966.6023651685
300.0	1400.0	452404.55095555866
300.0	1500.0	462562.21515738824
300.0	1600.0	473439.5949706571
300.0	1700.0	485036.69039536535
300.0	1800.0	497353.5014315129
300.0	1900.0	510390.02807909984
300.0	2000.0	524146.2703381261
400.0	-2000.0	537680.8673186922
400.0	-1900.0	523368.20073158393
400.0	-1800.0	509775.249755915
400.0	-1700.0	496902.0143916855
400.0	-1600.0	484748.49463889527
400.0	-1500.0	473314.6904975444
400.0	-1400.0	462600.6019676329
400.0	-1300.0	452606.2290491607
400.0	-1200.0	443331.5717421279
400.0	-1100.0	434776.63004653447
400.0	-1000.0	426941.4039623803
400.0	-900.0	419825.8934896655
400.0	-800.0	413430.0986283901
400.0	-700.0	407754.019378554
400.0	-600.0	402797.6557401573
400.0	-500.0	398561.0077131999
400.0	-400.0	395044.07529768185
400.0	-300.0	392246.8584936031
400.0	-200.0	390169.3573009638
400.0	-100.0	388811.5717197638
400.0	0.0	388173.50175000314
400.0	100.0	388255.1473916818
400.0	200.0	389056.5086447998
400.0	300.0	390577.5855093572
400.0	400.0	392818.37798535393
400.0	500.0	395778.88607279
400.0	600.0	399459.1097716654
400.0	700.0	403859.0490819802
400.0	800.0	408978.70400373434
400.0	900.0	414818.0745369278
400.0	1000.0	421377.1606815606
400.0	1100.0	428655.9624376327
400.0	1200.0	436654.47980514425
400.0	1300.0	445372.7127840951
400.0	1400.0	454810.6613744853
400.0	1500.0	464968.3255763148
400.0	1600.0	475845.7053895837
400.0	1700.0	487442.8008142919
400.0	1800.0	499759.6118504395
400.0	1900.0	512796.1384980264
400.0	2000.0	526552.3807570527
500.0	-2000.0	540853.9270470381
500.0	-1900.0	526541.2604599298
500.0	-1800.0	512948.309484261
500.0	-1700.0	500075.07412003144
500.0	-1600.0	487921.5543672412
500.0	-1500.0	476487.7502258903
500.0	-1400.0	465773.66169597884
500.0	-1300.0	455779.2887775067
500.0	-1200.0	446504.63147047383
500.0	-1100.0	437949.68977488036
500.0	-1000.0	430114.46369072626
500.0	-900.0	422998.9532180115
500.0	-800.0	416603.15835673606
500.0	-700.0	410927.07910689997
500.0	-600.0	405970.7154685032
500.0	-500.0	401734.06744154583
500.0	-400.0	398217.1350260278
500.0	-300.0	395419.9182219491
500.0	-200.0	393342.4170293097
500.0	-100.0	391984.6314481097
500.0	0.0	391346.56147834903
500.0	100.0	391428.20712002774
500.0	200.0	392229.56837314577
500.0	300.0	393750.64523770317
500.0	400.0	395991.4377136999
500.0	500.0	398951.94580113597
500.0	600.0	402632.16950001137
500.0	700.0	407032.10881032614
500.0	800.0	412151.76373208023
500.0	900.0	417991.1342652737
500.0	1000.0	424550.2204099065
500.0	1100.0	431829.0221659787
500.0	1200.0	439827.5395334902
500.0	1300.0	448545.77251244104
500.0	1400.0	457983.7211028312
500.0	1500.0	468141.38530466077
500.0	1600.0	479018.76511792967
500.0	1700.0	490615.8605426379
500.0	1800.0	502932.67157878546
500.0	1900.0	515969.19822637236
500.0	2000.0	529725.4404853986
600.0	-2000.0	544793.9360848033
600.0	-1900.0	530481.2694976951
600.0	-1800.0	516888.3185220262
600.0	-1700.0	504015.08315779665
600.0	-1600.0	491861.5634050064
600.0	-1500.0	480427.7592636556
600.0	-1400.0	469713.67073374405
600.0	-1300.0	459719.2978152719
600.0	-1200.0	450444.6405082391
600.0	-1100.0	441889.6988126456
600.0	-1000.0	434054.4727284915
600.0	-900.0	426938.96225577674
600.0	-800.0	420543.1673945013
600.0	-700.0	414867.08814466523
600.0	-600.0	409910.72450626845
600.0	-500.0	405674.07647931104
600.0	-400.0	402157.144063793
600.0	-300.0	399359.92725971434
600.0	-200.0	397282.426067075
600.0	-100.0	395924.64048587496
600.0	0.0	395286.5705161143
600.0	100.0	395368.216157793
600.0	200.0	396169.57741091104
600.0	300.0	397690.65427546843
600.0	400.0	399931.44675146515
600.0	500.0	402891.9548389012
600.0	600.0	406572.17853777664
600.0	700.0	410972.1178480914
600.0	800.0	416091.7727698455
600.0	900.0	421931.14330303896
600.0	1000.0	428490.2294476718
600.0	1100.0	435769.0312037439
600.0	1200.0	443767.5485712554
600.0	1300.0	452485.78155020624
600.0	1400.0	461923.73014059645
600.0	1500.0	472081.394342426
600.0	1600.0	482958.7741556949
600.0	1700.0	494555.8695804031
600.0	1800.0	506872.68061655073
600.0	1900.0	519909.2072641376
600.0	2000.0	533665.449523164
700.0	-2000.0	549500.8944319879
700.0	-1900.0	535188.2278448797
700.0	-1800.0	521595.27686921076
700.0	-1700.0	508722.0415049812
700.0	-1600.0	496568.521752191
700.0	-1500.0	485134.71761084016
700.0	-1400.0	474420.62908092863
700.0	-1300.0	464426.25616245647
700.0	-1200.0	455151.5988554236
700.0	-1100.0	446596.6571598302
700.0	-1000.0	438761.43107567605
700.0	-900.0	431645.92060296127
700.0	-800.0	425250.12574168586
700.0	-700.0	419574.04649184976
700.0	-600.0	414617.68285345304
700.0	-500.0	410381.0348264956
700.0	-400.0	406864.1024109776
700.0	-300.0	404066.88560689887
700.0	-200.0	401989.3844142595
700.0	-100.0	400631.59883305954
700.0	0.0	399993.5288632989
700.0	100.0	400075.17450497753
700.0	200.0	400876.53575809556
700.0	300.0	402397.61262265296
700.0	400.0	404638.4050986497
700.0	500.0	407598.91318608576
700.0	600.0	411279.13688496116
700.0	700.0	415679.076195276
700.0	800.0	420798.7311170301
700.0	900.0	426638.10165022354
700.0	1000.0	433197.1877948563
700.0	1100.0	440475.98955092847
700.0	1200.0	448474.50691844
700.0	1300.0	457192.7398973908
700.0	1400.0	466630.68848778104
700.0	1500.0	476788.35268961056
700.0	1600.0	487665.73250287946
700.0	1700.0	499262.82792758767
700.0	1800.0	511579.63896373525
700.0	1900.0	524616.1656113222
700.0	2000.0	538372.4078703484
800.0	-2000.0	554974.8020885917
800.0	-1900.0	540662.1355014836
800.0	-1800.0	527069.1845258146
800.0	-1700.0	514195.9491615851
800.0	-1600.0	502042.4294087949
800.0	-1500.0	490608.62526744406
800.0	-1400.0	479894.53673753253
800.0	-1300.0	469900.16381906037
800.0	-1200.0	460625.5065120275
800.0	-1100.0	452070.56481643405
800.0	-1000.0	444235.33873227995
800.0	-900.0	437119.82825956517
800.0	-800.0	430724.0333982897
800.0	-700.0	425047.95414845366
800.0	-600.0	420091.59051005694
800.0	-500.0	415854.9424830995
800.0	-400.0	412338.0100675815
800.0	-300.0	409540.79326350277
800.0	-200.0	407463.2920708634
800.0	-100.0	406105.5064896634
800.0	0.0	405467.4365199028
800.0	100.0	405549.08216158143
800.0	200.0	406350.44341469946
800.0	300.0	407871.52027925686
800.0	400.0	410112.3127552536
800.0	500.0	413072.82084268966
800.0	600.0	416753.04454156506
800.0	700.0	421152.98385187984
800.0	800.0	426272.638773634
800.0	900.0	432112.00930682744
800.0	1000.0	438671.0954514602
800.0	1100.0	445949.89720753237
800.0	1200.0	453948.4145750439
800.0	1300.0	462666.6475539947
800.0	1400.0	472104.59614438494
800.0	1500.0	482262.26034621446
800.0	1600.0	493139.64015948336
800.0	1700.0	504736.73558419157
800.0	1800.0	517053.54662033916
800.0	1900.0	530090.0732679261
800.0	2000.0	543846.3155269523
900.0	-2000.0	561215.659054615
900.0	-1900.0	546902.9924675068
900.0	-1800.0	533310.0414918378
900.0	-1700.0	520436.8061276083
900.0	-1600.0	508283.28637481807
900.0	-1500.0	496849.4822334672
900.0	-1400.0	486135.3937035557
900.0	-1300.0	476141.0207850835
900.0	-1200.0	466866.36347805074
900.0	-1100.0	458311.42178245727
900.0	-1000.0	450476.19569830317
900.0	-900.0	443360.6852255884
900.0	-800.0	436964.8903643129
900.0	-700.0	431288.8111144769
900.0	-600.0	426332.4474760801
900.0	-500.0	422095.7994491227
900.0	-400.0	418578.86703360465
900.0	-300.0	415781.650229526
900.0	-200.0	413704.14903688664
900.0	-100.0	412346.3634556866
900.0	0.0	411708.29348592594
900.0	100.0	411789.93912760465
900.0	200.0	412591.3003807227
900.0	300.0	414112.3772452801
900.0	400.0	416353.1697212768
900.0	500.0	419313.6778087128
900.0	600.0	422993.9015075883
900.0	700.0	427393.84081790305
900.0	800.0	432513.49573965714
900.0	900.0	438352.8662728506
900.0	1000.0	444911.95241748344
900.0	1100.0	452190.7541735555
900.0	1200.0	460189.27154106705
900.0	1300.0	468907.5045200179
900.0	1400.0	478345.4531104081
900.0	1500.0	488503.1173122376
900.0	1600.0	499380.4971255065
900.0	1700.0	510977.59255021473
900.0	1800.0	523294.4035863624
900.0	1900.0	536330.9302339493
900.0	2000.0	550087.1724929756
1000.0	-2000.0	568223.4653300575
1000.0	-1900.0	553910.7987429493
1000.0	-1800.0	540317.8477672804
1000.0	-1700.0	527444.6124030508
1000.0	-1600.0	515291.0926502606
1000.0	-1500.0	503857.28850890975
1000.0	-1400.0	493143.1999789982
1000.0	-1300.0	483148.82706052606
1000.0	-1200.0	473874.1697534933
1000.0	-1100.0	465319.22805789975
1000.0	-1000.0	457484.00197374565
1000.0	-900.0	450368.49150103086
1000.0	-800.0	443972.69663975545
1000.0	-700.0	438296.61738991935
1000.0	-600.0	433340.2537515226
1000.0	-500.0	429103.6057245652
1000.0	-400.0	425586.6733090472
1000.0	-300.0	422789.45650496846
1000.0	-200.0	420711.9553123291
1000.0	-100.0	419354.16973112914
1000.0	0.0	418716.0997613685
1000.0	100.0	418797.7454030471
1000.0	200.0	419599.10665616515
1000.0	300.0	421120.18352072255
1000.0	400.0	423360.9759967193
1000.0	500.0	426321.48408415535
1000.0	600.0	430001.7077830308
1000.0	700.0	434401.6470933455
1000.0	800.0	439521.3020150997
1000.0	900.0	445360.67254829314
1000.0	1000.0	451919.7586929259
1000.0	1100.0	459198.56044899806
1000.0	1200.0	467197.0778165096
1000.0	1300.0	475915.3107954604
1000.0	1400.0	485353.25938585063
1000.0	1500.0	495510.92358768015
1000.0	1600.0	506388.30340094905
1000.0	1700.0	517985.39882565726
1000.0	1800.0	530302.2098618048
1000.0	1900.0	543338.7365093918
1000.0	2000.0	557094.9787684181
1100.0	-2000.0	575998.2209149193
1100.0	-1900.0	561685.5543278111
1100.0	-1800.0	548092.6033521421
1100.0	-1700.0	535219.3679879126
1100.0	-1600.0	523065.84823512245
1100.0	-1500.0	511632.04409377155
1100.0	-1400.0	500917.9555638601
1100.0	-1300.0	490923.58264538785
1100.0	-1200.0	481648.92533835507
1100.0	-1100.0	473093.9836427616
1100.0	-1000.0	465258.7575586075
1100.0	-900.0	458143.2470858927
1100.0	-800.0	451747.45222461724
1100.0	-700.0	446071.3729747812
1100.0	-600.0	441115.0093363845
1100.0	-500.0	436878.36130942707
1100.0	-400.0	433361.428893909
1100.0	-300.0	430564.2120898303
1100.0	-200.0	428486.71089719096
1100.0	-100.0	427128.9253159909
1100.0	0.0	426490.85534623027
1100.0	100.0	426572.500987909
1100.0	200.0	427373.862241027
1100.0	300.0	428894.9391055844
1100.0	400.0	431135.7315815811
1100.0	500.0	434096.23966901714
1100.0	600.0	437776.4633678926
1100.0	700.0	442176.4026782074
1100.0	800.0	447296.05759996147
1100.0	900.0	453135.4281331549
1100.0	1000.0	459694.51427778776
1100.0	1100.0	466973.3160338599
1100.0	1200.0	474971.8334013714
1100.0	1300.0	483690.0663803222
1100.0	1400.0	493128.0149707124
1100.0	1500.0	503285.679172542
1100.0	1600.0	514163.05898581084
1100.0	1700.0	525760.1544105192
1100.0	1800.0	538076.9654466667
1100.0	1900.0	551113.4920942537
1100.0	2000.0	564869.7343532799
1200.0	-2000.0	584539.9258092004
1200.0	-1900.0	570227.2592220922
1200.0	-1800.0	556634.3082464233
1200.0	-1700.0	543761.0728821938
1200.0	-1600.0	531607.5531294036
1200.0	-1500.0	520173.7489880527
1200.0	-1400.0	509459.6604581412
1200.0	-1300.0	499465.2875396691
1200.0	-1200.0	490190.63023263623
1200.0	-1100.0	481635.6885370427
1200.0	-1000.0	473800.4624528886
1200.0	-900.0	466684.9519801738
1200.0	-800.0	460289.1571188984
1200.0	-700.0	454613.0778690623
1200.0	-600.0	449656.7142306656
1200.0	-500.0	445420.0662037082
1200.0	-400.0	441903.13378819014
1200.0	-300.0	439105.9169841114
1200.0	-200.0	437028.41579147207
1200.0	-100.0	435670.6302102721
1200.0	0.0	435032.56024051143
1200.0	100.0	435114.20588219014
1200.0	200.0	435915.56713530817
1200.0	300.0	437436.6439998655
1200.0	400.0	439677.4364758623
1200.0	500.0	442637.9445632983
1200.0	600.0	446318.1682621738
1200.0	700.0	450718.1075724885
1200.0	800.0	455837.76249424263
1200.0	900.0	461677.1330274361
1200.0	1000.0	468236.2191720689
1200.0	1100.0	475515.0209281411
1200.0	1200.0	483513.53829565254
1200.0	1300.0	492231.77127460344
1200.0	1400.0	501669.7198649936
1200.0	1500.0	511827.3840668231
1200.0	1600.0	522704.763880092
1200.0	1700.0	534301.8593048003
1200.0	1800.0	546618.6703409478
1200.0	1900.0	559655.1969885348
1200.0	2000.0	573411.439247561
1300.0	-2000.0	593848.580012901
1300.0	-1900.0	579535.9134257927
1300.0	-1800.0	565942.9624501239
1300.0	-1700.0	553069.7270858942
1300.0	-1600.0	540916.207333104
1300.0	-1500.0	529482.4031917532
1300.0	-1400.0	518768.31466184166
1300.0	-1300.0	508773.9417433695
1300.0	-1200.0	499499.28443633666
1300.0	-1100.0	490944.3427407432
1300.0	-1000.0	483109.1166565891
1300.0	-900.0	475993.6061838743
1300.0	-800.0	469597.81132259883
1300.0	-700.0	463921.7320727628
1300.0	-600.0	458965.3684343661
1300.0	-500.0	454728.72040740866
1300.0	-400.0	451211.7879918906
1300.0	-300.0	448414.5711878119
1300.0	-200.0	446337.06999517255
1300.0	-100.0	444979.2844139725
1300.0	0.0	444341.2144442119
1300.0	100.0	444422.86008589057
1300.0	200.0	445224.2213390086
1300.0	300.0	446745.298203566
1300.0	400.0	448986.0906795627
1300.0	500.0	451946.5987669988
1300.0	600.0	455626.82246587425
1300.0	700.0	460026.76177618897
1300.0	800.0	465146.4166979431
1300.0	900.0	470985.7872311366
1300.0	1000.0	477544.87337576936
1300.0	1100.0	484823.6751318415
1300.0	1200.0	492822.192499353
1300.0	1300.0	501540.42547830386
1300.0	1400.0	510978.3740686941
1300.0	1500.0	521136.0382705236
1300.0	1600.0	532013.4180837926
1300.0	1700.0	543610.5135085008
1300.0	1800.0	555927.3245446483
1300.0	1900.0	568963.8511922352
1300.0	2000.0	582720.0934512615
1400.0	-2000.0	603924.1835260207
1400.0	-1900.0	589611.5169389124
1400.0	-1800.0	576018.5659632436
1400.0	-1700.0	563145.330599014
1400.0	-1600.0	550991.8108462237
1400.0	-1500.0	539558.0067048729
1400.0	-1400.0	528843.9181749613
1400.0	-1300.0	518849.5452564893
1400.0	-1200.0	509574.88794945646
1400.0	-1100.0	501019.94625386293
1400.0	-1000.0	493184.72016970883
1400.0	-900.0	486069.20969699405
1400.0	-800.0	479673.41483571864
1400.0	-700.0	473997.33558588254
1400.0	-600.0	469040.9719474858
1400.0	-500.0	464804.3239205284
1400.0	-400.0	461287.39150501037
1400.0	-300.0	458490.17470093165
1400.0	-200.0	456412.6735082923
1400.0	-100.0	455054.8879270923
1400.0	0.0	454416.81795733166
1400.0	100.0	454498.46359901037
1400.0	200.0	455299.8248521284
1400.0	300.0	456820.90171668574
1400.0	400.0	459061.6941926825
1400.0	500.0	462022.20228011854
1400.0	600.0	465702.425978994
1400.0	700.0	470102.3652893087
1400.0	800.0	475222.02021106286
1400.0	900.0	481061.3907442563
1400.0	1000.0	487620.4768888891
1400.0	1100.0	494899.2786449613
1400.0	1200.0	502897.79601247277
1400.0	1300.0	511616.02899142366
1400.0	1400.0	521053.9775818138
1400.0	1500.0	531211.6417836433
1400.0	1600.0	542089.0215969123
1400.0	1700.0	553686.1170216205
1400.0	1800.0	566002.928057768
1400.0	1900.0	579039.454705355
1400.0	2000.0	592795.6969643813
1500.0	-2000.0	614766.7363485598
1500.0	-1900.0	600454.0697614516
1500.0	-1800.0	586861.1187857827
1500.0	-1700.0	573987.8834215531
1500.0	-1600.0	561834.3636687628
1500.0	-1500.0	550400.559527412
1500.0	-1400.0	539686.4709975005
1500.0	-1300.0	529692.0980790283
1500.0	-1200.0	520417.4407719955
1500.0	-1100.0	511862.49907640205
1500.0	-1000.0	504027.27299224795
1500.0	-900.0	496911.76251953316
1500.0	-800.0	490515.9676582577
1500.0	-700.0	484839.88840842166
1500.0	-600.0	479883.52477002493
1500.0	-500.0	475646.8767430675
1500.0	-400.0	472129.9443275495
1500.0	-300.0	469332.72752347076
1500.0	-200.0	467255.2263308314
1500.0	-100.0	465897.4407496314
1500.0	0.0	465259.3707798708
1500.0	100.0	465341.01642154943
1500.0	200.0	466142.37767466746
1500.0	300.0	467663.45453922485
1500.0	400.0	469904.24701522157
1500.0	500.0	472864.75510265765
1500.0	600.0	476544.9788015331
1500.0	700.0	480944.91811184783
1500.0	800.0	486064.573033602
1500.0	900.0	491903.94356679544
1500.0	1000.0	498463.0297114282
1500.0	1100.0	505741.83146750036
1500.0	1200.0	513740.3488350119
1500.0	1300.0	522458.5818139627
1500.0	1400.0	531896.5304043529
1500.0	1500.0	542054.1946061824
1500.0	1600.0	552931.5744194514
1500.0	1700.0	564528.6698441596
1500.0	1800.0	576845.4808803072
1500.0	1900.0	589882.0075278941
1500.0	2000.0	603638.2497869204
1600.0	-2000.0	626376.2384805182
1600.0	-1900.0	612063.57189341
1600.0	-1800.0	598470.620917741
1600.0	-1700.0	585597.3855535116
1600.0	-1600.0	573443.8658007213
1600.0	-1500.0	562010.0616593704
1600.0	-1400.0	551295.973129459
1600.0	-1300.0	541301.6002109868
1600.0	-1200.0	532026.942903954
1600.0	-1100.0	523472.0012083604
1600.0	-1000.0	515636.7751242063
1600.0	-900.0	508521.26465149154
1600.0	-800.0	502125.4697902161
1600.0	-700.0	496449.39054038003
1600.0	-600.0	491493.0269019833
1600.0	-500.0	487256.3788750259
1600.0	-400.0	483739.44645950786
1600.0	-300.0	480942.22965542914
1600.0	-200.0	478864.7284627898
1600.0	-100.0	477506.9428815898
1600.0	0.0	476868.87291182915
1600.0	100.0	476950.51855350786
1600.0	200.0	477751.8798066259
1600.0	300.0	479272.95667118323
1600.0	400.0	481513.74914718
1600.0	500.0	484474.2572346161
1600.0	600.0	488154.4809334915
1600.0	700.0	492554.4202438062
1600.0	800.0	497674.07516556035
1600.0	900.0	503513.4456987538
1600.0	1000.0	510072.5318433866
1600.0	1100.0	517351.3335994588
1600.0	1200.0	525349.8509669702
1600.0	1300.0	534068.0839459212
1600.0	1400.0	543506.0325363113
1600.0	1500.0	553663.6967381409
1600.0	1600.0	564541.0765514097
1600.0	1700.0	576138.171976118
1600.0	1800.0	588454.9830122655
1600.0	1900.0	601491.5096598525
1600.0	2000.0	615247.7519188788
1700.0	-2000.0	638752.689921896
1700.0	-1900.0	624440.0233347877
1700.0	-1800.0	610847.0723591188
1700.0	-1700.0	597973.8369948892
1700.0	-1600.0	585820.317242099
1700.0	-1500.0	574386.5131007482
1700.0	-1400.0	563672.4245708366
1700.0	-1300.0	553678.0516523644
1700.0	-1200.0	544403.3943453317
1700.0	-1100.0	535848.4526497382
1700.0	-1000.0	528013.2265655841
1700.0	-900.0	520897.7160928693
1700.0	-800.0	514501.9212315938
1700.0	-700.0	508825.8419817578
1700.0	-600.0	503869.47834336106
1700.0	-500.0	499632.83031640365
1700.0	-400.0	496115.8979008856
1700.0	-300.0	493318.6810968069
1700.0	-200.0	491241.17990416754
1700.0	-100.0	489883.39432296756
1700.0	0.0	489245.3243532069
1700.0	100.0	489326.9699948856
1700.0	200.0	490128.3312480036
1700.0	300.0	491649.408112561
1700.0	400.0	493890.20058855775
1700.0	500.0	496850.7086759938
1700.0	600.0	500530.93237486924
1700.0	700.0	504930.87168518396
1700.0	800.0	510050.5266069381
1700.0	900.0	515889.89714013156
1700.0	1000.0	522448.98328476434
1700.0	1100.0	529727.7850408365
1700.0	1200.0	537726.3024083481
1700.0	1300.0	546444.5353872988
1700.0	1400.0	555882.4839776891
1700.0	1500.0	566040.1481795185
1700.0	1600.0	576917.5279927875
1700.0	1700.0	588514.6234174957
1700.0	1800.0	600831.4344536433
1700.0	1900.0	613867.9611012302
1700.0	2000.0	627624.2033602565
1800.0	-2000.0	651896.090672693
1800.0	-1900.0	637583.4240855847
1800.0	-1800.0	623990.4731099159
1800.0	-1700.0	611117.2377456862
1800.0	-1600.0	598963.717992896
1800.0	-1500.0	587529.9138515452
1800.0	-1400.0	576815.8253216336
1800.0	-1300.0	566821.4524031616
1800.0	-1200.0	557546.7950961287
1800.0	-1100.0	548991.8534005352
1800.0	-1000.0	541156.6273163811
1800.0	-900.0	534041.1168436663
1800.0	-800.0	527645.321982391
1800.0	-700.0	521969.2427325548
1800.0	-600.0	517012.87909415807
1800.0	-500.0	512776.23106720066
1800.0	-400.0	509259.2986516826
1800.0	-300.0	506462.0818476039
1800.0	-200.0	504384.58065496455
1800.0	-100.0	503026.7950737646
1800.0	0.0	502388.7251040039
1800.0	100.0	502470.3707456826
1800.0	200.0	503271.73199880065
1800.0	300.0	504792.808863358
1800.0	400.0	507033.60133935476
1800.0	500.0	509994.10942679085
1800.0	600.0	513674.33312566625
1800.0	700.0	518074.27243598097
1800.0	800.0	523193.9273577351
1800.0	900.0	529033.2978909286
1800.0	1000.0	535592.3840355614
1800.0	1100.0	542871.1857916336
1800.0	1200.0	550869.7031591451
1800.0	1300.0	559587.9361380959
1800.0	1400.0	569025.8847284861
1800.0	1500.0	579183.5489303155
1800.0	1600.0	590060.9287435845
1800.0	1700.0	601658.0241682928
1800.0	1800.0	613974.8352044403
1800.0	1900.0	627011.3618520272
1800.0	2000.0	640767.6041110535
1900.0	-2000.0	665806.4407329094
1900.0	-1900.0	651493.7741458011
1900.0	-1800.0	637900.8231701322
1900.0	-1700.0	625027.5878059026
1900.0	-1600.0	612874.0680531124
1900.0	-1500.0	601440.2639117616
1900.0	-1400.0	590726.17538185
1900.0	-1300.0	580731.8024633778
1900.0	-1200.0	571457.1451563451
1900.0	-1100.0	562902.2034607516
1900.0	-1000.0	555066.9773765975
1900.0	-900.0	547951.4669038827
1900.0	-800.0	541555.6720426072
1900.0	-700.0	535879.5927927712
1900.0	-600.0	530923.2291543745
1900.0	-500.0	526686.581127417
1900.0	-400.0	523169.64871189895
1900.0	-300.0	520372.4319078203
1900.0	-200.0	518294.93071518093
1900.0	-100.0	516937.1451339809
1900.0	0.0	516299.0751642203
1900.0	100.0	516380.720805899
1900.0	200.0	517182.082059017
1900.0	300.0	518703.1589235744
1900.0	400.0	520943.95139957115
1900.0	500.0	523904.4594870072
1900.0	600.0	527584.6831858826
1900.0	700.0	531984.6224961973
1900.0	800.0	537104.2774179515
1900.0	900.0	542943.647951145
1900.0	1000.0	549502.7340957777
1900.0	1100.0	556781.5358518499
1900.0	1200.0	564780.0532193613
1900.0	1300.0	573498.2861983122
1900.0	1400.0	582936.2347887025
1900.0	1500.0	593093.8989905319
1900.0	1600.0	603971.2788038009
1900.0	1700.0	615568.3742285091
1900.0	1800.0	627885.1852646567
1900.0	1900.0	640921.7119122436
1900.0	2000.0	654677.9541712699
2000.0	-2000.0	680483.7401025449
2000.0	-1900.0	666171.0735154367
2000.0	-1800.0	652578.1225397678
2000.0	-1700.0	639704.8871755383
2000.0	-1600.0	627551.3674227481
2000.0	-1500.0	616117.5632813972
2000.0	-1400.0	605403.4747514857
2000.0	-1300.0	595409.1018330136
2000.0	-1200.0	586134.4445259807
2000.0	-1100.0	577579.5028303872
2000.0	-1000.0	569744.2767462331
2000.0	-900.0	562628.7662735183
2000.0	-800.0	556232.9714122429
2000.0	-700.0	550556.8921624068
2000.0	-600.0	545600.5285240101
2000.0	-500.0	541363.8804970527
2000.0	-400.0	537846.9480815346
2000.0	-300.0	535049.7312774559
2000.0	-200.0	532972.2300848166
2000.0	-100.0	531614.4445036165
2000.0	0.0	530976.3745338559
2000.0	100.0	531058.0201755346
2000.0	200.0	531859.3814286527
2000.0	300.0	533380.45829321
2000.0	400.0	535621.2507692068
2000.0	500.0	538581.7588566429
2000.0	600.0	542261.9825555183
2000.0	700.0	546661.921865833
2000.0	800.0	551781.5767875871
2000.0	900.0	557620.9473207806
2000.0	1000.0	564180.0334654134
2000.0	1100.0	571458.8352214855
2000.0	1200.0	579457.352588997
2000.0	1300.0	588175.585567948
2000.0	1400.0	597613.5341583381
2000.0	1500.0	607771.1983601677
2000.0	1600.0	618648.5781734365
2000.0	1700.0	630245.6735981447
2000.0	1800.0	642562.4846342923
2000.0	1900.0	655599.0112818793
2000.0	2000.0	669355.2535409055
